image_width: 800
image_height: 600
camera_name: ov5647__base_axi_pcie_1000120000_rp1_i2c_80000_ov5647_36_800x600
camera_matrix:
  rows: 3
  cols: 3
  data: [170.64216,   0.     , 416.34507,
           0.     , 171.55864, 266.36415,
           0.     ,   0.     ,   1.     ]
distortion_model: equidistant
distortion_coefficients:
  rows: 1
  cols: 4
  data: [0.097011, -0.032007, -0.001546, 0.000448]
rectification_matrix:
  rows: 3
  cols: 3
  data: [1., 0., 0.,
         0., 1., 0.,
         0., 0., 1.]
projection_matrix:
  rows: 3
  cols: 4
  data: [170.64216,   0.     , 398.345,   0.     ,
           0.     , 171.55864, 266.36415,   0.     ,
           0.     ,   0.     ,   1.     ,   0.     ]
