image_width: 1024
image_height: 768
camera_name: ov5647__base_axi_pcie_1000120000_rp1_i2c_80000_ov5647_36_1024x768
camera_matrix:
  rows: 3
  cols: 3
  data: [218.42196,   0.     , 532.92169,
           0.     , 219.59506, 340.94611,
           0.     ,   0.     ,   1.     ]
distortion_model: equidistant
distortion_coefficients:
  rows: 1
  cols: 4
  data: [0.097011, -0.032007, -0.001546, 0.000448]
rectification_matrix:
  rows: 3
  cols: 3
  data: [1., 0., 0.,
         0., 1., 0.,
         0., 0., 1.]
projection_matrix:
  rows: 3
  cols: 4
  data: [218.42196,   0.     , 509.8816,   0.     ,
           0.     , 219.59506, 340.94611,   0.     ,
           0.     ,   0.     ,   1.     ,   0.     ]
